# Blender v2.71 (sub 0) OBJ File: 'trash1.blend'
# www.blender.org
mtllib trash1.mtl
o Cube.002_Cube.004
v 0.609528 0.186387 0.324543
v 0.624861 0.001603 0.338187
v 0.509315 0.010146 0.583745
v 0.493982 0.194930 0.570102
v 0.777073 0.206060 0.402696
v 0.792406 0.021276 0.416340
v 0.676860 0.029819 0.661898
v 0.661528 0.214603 0.648254
vn 0.425600 -0.031500 -0.904400
vn 0.082500 -0.993900 0.073400
vn -0.425600 0.031500 0.904400
vn -0.082500 0.993900 -0.073400
vn -0.901200 -0.105800 -0.420400
vn 0.901200 0.105800 0.420400
g Cube.002_Cube.004_Material.004
usemtl Material.004
s off
f 6//1 2//1 1//1
f 7//2 3//2 2//2
f 8//3 4//3 3//3
f 8//4 5//4 1//4
f 2//5 3//5 4//5
f 7//6 6//6 5//6
f 5//1 6//1 1//1
f 6//2 7//2 2//2
f 7//3 8//3 3//3
f 4//4 8//4 1//4
f 1//5 2//5 4//5
f 8//6 7//6 5//6
o Cube.001_Cube.003
v 0.705729 0.158899 -0.215649
v 0.757259 0.013760 -0.194089
v 0.635356 -0.001140 -0.003039
v 0.583826 0.143999 -0.024599
v 0.826405 0.213818 -0.134367
v 0.877935 0.068679 -0.112807
v 0.756032 0.053778 0.078243
v 0.704502 0.198917 0.056683
vn 0.536700 0.065600 -0.841200
vn 0.331300 -0.933300 0.138600
vn -0.536700 -0.065600 0.841200
vn -0.331300 0.933300 -0.138600
vn -0.776000 -0.353100 -0.522700
vn 0.776000 0.353100 0.522700
g Cube.001_Cube.003_Material.005
usemtl Material.005
s off
f 13//7 14//7 10//7
f 14//8 15//8 11//8
f 16//9 12//9 11//9
f 13//10 9//10 12//10
f 9//11 10//11 11//11
f 15//12 14//12 13//12
f 9//7 13//7 10//7
f 10//8 14//8 11//8
f 15//9 16//9 11//9
f 16//10 13//10 12//10
f 12//11 9//11 11//11
f 16//12 15//12 13//12
o Cube_Cube.002
v 0.136956 0.137082 0.161288
v 0.321585 0.069111 0.087890
v 0.413946 0.010598 0.374405
v 0.229318 0.078568 0.447803
v 0.214465 0.331683 0.176045
v 0.399093 0.263713 0.102647
v 0.491454 0.205199 0.389161
v 0.306826 0.273170 0.462560
vn -0.301200 0.190800 -0.934300
vn 0.879200 -0.323700 -0.349500
vn 0.301200 -0.190800 0.934300
vn -0.879200 0.323700 0.349500
vn -0.369100 -0.926700 -0.070300
vn 0.369100 0.926700 0.070300
g Cube_Cube.002_Material.003
usemtl Material.003
s off
f 22//13 18//13 17//13
f 23//14 19//14 18//14
f 23//15 24//15 20//15
f 21//16 17//16 20//16
f 17//17 18//17 19//17
f 23//18 22//18 21//18
f 21//13 22//13 17//13
f 22//14 23//14 18//14
f 19//15 23//15 20//15
f 24//16 21//16 20//16
f 20//17 17//17 19//17
f 24//18 23//18 21//18
o Cylinder.001_Cylinder.002
v 0.710345 0.366919 0.031028
v 0.830688 0.287576 -0.022108
v 0.893157 0.288335 0.118242
v 0.772814 0.367678 0.171377
v 0.782569 0.498467 -0.001830
v 0.902911 0.419125 -0.054965
v 0.965380 0.419883 0.085384
v 0.845038 0.499226 0.138519
v 1.281384 -0.052064 -0.128013
v 1.336341 0.048033 -0.153015
v 1.326005 0.048461 0.372533
v 1.380961 0.148559 0.347531
v 1.046674 0.286450 0.711360
v 1.101631 0.386548 0.686358
v 0.607020 0.522493 0.689989
v 0.661977 0.622591 0.664987
v 0.264586 0.618318 0.320937
v 0.319542 0.718416 0.295935
v 0.219965 0.517793 -0.179609
v 0.274922 0.617891 -0.204611
v 0.499296 0.279804 -0.518437
v 0.554252 0.379901 -0.543438
v 0.938950 0.043761 -0.497065
v 0.993906 0.143859 -0.522067
vn -0.406600 -0.004900 -0.913600
vn 0.783300 -0.516500 -0.345900
vn 0.406600 0.004900 0.913600
vn -0.783300 0.516500 0.345900
vn -0.470100 -0.856300 0.213900
vn 0.470100 0.856300 -0.213900
vn 0.878300 -0.477800 0.017700
vn 0.682800 -0.199300 0.702900
vn 0.064400 0.208400 0.975900
vn -0.576600 0.481500 0.660100
vn -0.878300 0.477800 -0.017700
vn -0.682800 0.199300 -0.702900
vn 0.576600 -0.481500 -0.660100
vn -0.064400 -0.208400 -0.975900
g Cylinder.001_Cylinder.002_Material.002
usemtl Material.002
s off
f 30//19 26//19 25//19
f 30//20 31//20 27//20
f 31//21 32//21 28//21
f 29//22 25//22 28//22
f 25//23 26//23 27//23
f 32//24 31//24 30//24
f 34//25 36//25 35//25
f 36//26 38//26 37//26
f 38//27 40//27 39//27
f 39//28 40//28 42//28
f 41//29 42//29 44//29
f 43//30 44//30 46//30
f 34//24 42//24 40//24
f 48//31 34//31 33//31
f 46//32 48//32 47//32
f 43//23 45//23 47//23
f 29//19 30//19 25//19
f 26//20 30//20 27//20
f 27//21 31//21 28//21
f 32//22 29//22 28//22
f 28//23 25//23 27//23
f 29//24 32//24 30//24
f 33//25 34//25 35//25
f 35//26 36//26 37//26
f 37//27 38//27 39//27
f 41//28 39//28 42//28
f 43//29 41//29 44//29
f 45//30 43//30 46//30
f 34//24 40//24 36//24
f 44//24 42//24 34//24
f 45//32 46//32 47//32
f 48//24 44//24 34//24
f 48//24 46//24 44//24
f 47//31 48//31 33//31
f 40//24 38//24 36//24
f 35//23 39//23 33//23
f 35//23 37//23 39//23
f 47//23 33//23 43//23
f 33//23 39//23 41//23
f 33//23 41//23 43//23
o Cylinder_Cylinder.001
v -1.462231 0.500286 0.232268
v -0.156583 0.394931 0.732928
v -1.410564 0.948940 0.191937
v -0.104916 0.843585 0.692597
v -1.262907 1.226590 -0.134705
v 0.042742 1.121236 0.365956
v -1.105756 1.170593 -0.556314
v 0.199892 1.065238 -0.055654
v -1.031168 0.813750 -0.825919
v 0.274480 0.708395 -0.325259
v -1.082836 0.365095 -0.785588
v 0.222812 0.259741 -0.284928
v -1.230493 0.087445 -0.458947
v 0.075155 -0.017909 0.041714
v -1.387644 0.143443 -0.037337
v -0.081995 0.038088 0.463323
vn -0.346600 0.123500 0.929900
vn -0.164500 0.787000 0.594600
vn 0.114000 0.989500 -0.088900
vn 0.325700 0.612400 -0.720400
vn 0.346600 -0.123500 -0.929900
vn 0.164500 -0.787000 -0.594600
vn 0.931100 -0.075100 0.357000
vn -0.325700 -0.612400 0.720400
vn -0.114000 -0.989500 0.088900
vn -0.931100 0.075100 -0.357000
g Cylinder_Cylinder.001_Material.001
usemtl Material.001
s off
f 50//33 52//33 51//33
f 52//34 54//34 53//34
f 54//35 56//35 55//35
f 56//36 58//36 57//36
f 58//37 60//37 59//37
f 60//38 62//38 61//38
f 58//39 56//39 54//39
f 64//40 50//40 49//40
f 61//41 62//41 64//41
f 63//42 49//42 61//42
f 49//33 50//33 51//33
f 51//34 52//34 53//34
f 53//35 54//35 55//35
f 55//36 56//36 57//36
f 57//37 58//37 59//37
f 59//38 60//38 61//38
f 54//39 52//39 50//39
f 62//39 60//39 64//39
f 58//39 54//39 60//39
f 63//40 64//40 49//40
f 63//41 61//41 64//41
f 60//39 54//39 50//39
f 60//39 50//39 64//39
f 51//42 55//42 49//42
f 51//42 53//42 55//42
f 55//42 57//42 59//42
f 49//42 55//42 59//42
f 61//42 49//42 59//42
